1.000000000000000000e+00 4.000000000000000000e+00 1.126602745757494262e+01
1.000000000000000000e+00 4.161616161616161769e+00 8.368342243669156133e+00
1.000000000000000000e+00 4.323232323232323537e+00 1.430131541531433470e+01
1.000000000000000000e+00 4.484848484848484418e+00 9.849604708085770710e+00
1.000000000000000000e+00 4.646464646464646187e+00 1.384356553001052603e+01
1.000000000000000000e+00 4.808080808080807955e+00 1.256045866987827431e+01
1.000000000000000000e+00 4.969696969696969724e+00 1.181028883412459507e+01
1.000000000000000000e+00 5.131313131313131493e+00 1.631976565450756667e+01
1.000000000000000000e+00 5.292929292929293261e+00 1.464296184692894620e+01
1.000000000000000000e+00 5.454545454545455030e+00 1.510325349522555527e+01
1.000000000000000000e+00 5.616161616161615910e+00 1.426167359075334495e+01
1.000000000000000000e+00 5.777777777777777679e+00 1.362372116627369145e+01
1.000000000000000000e+00 5.939393939393939448e+00 1.667584097365074669e+01
1.000000000000000000e+00 6.101010101010101216e+00 1.457313147731243674e+01
1.000000000000000000e+00 6.262626262626262985e+00 1.674581764969730457e+01
1.000000000000000000e+00 6.424242424242423866e+00 1.530797888393025907e+01
1.000000000000000000e+00 6.585858585858586522e+00 1.314421926673732344e+01
1.000000000000000000e+00 6.747474747474747403e+00 1.544709845935364001e+01
1.000000000000000000e+00 6.909090909090909172e+00 1.260085422957059009e+01
1.000000000000000000e+00 7.070707070707070940e+00 1.935172645436805183e+01
1.000000000000000000e+00 7.232323232323232709e+00 1.840480362548268900e+01
1.000000000000000000e+00 7.393939393939394478e+00 1.540749008585428648e+01
1.000000000000000000e+00 7.555555555555555358e+00 2.121204182135743821e+01
1.000000000000000000e+00 7.717171717171718015e+00 1.630991249330899961e+01
1.000000000000000000e+00 7.878787878787878896e+00 1.370551316325279423e+01
1.000000000000000000e+00 8.040404040404041552e+00 2.097765432657618589e+01
1.000000000000000000e+00 8.202020202020202433e+00 2.103313182624732036e+01
1.000000000000000000e+00 8.363636363636363313e+00 2.073610419203738431e+01
1.000000000000000000e+00 8.525252525252525970e+00 2.096423623934529701e+01
1.000000000000000000e+00 8.686868686868686851e+00 1.813993841257082096e+01
1.000000000000000000e+00 8.848484848484847731e+00 2.058350621070157871e+01
1.000000000000000000e+00 9.010101010101010388e+00 2.195808821072551709e+01
1.000000000000000000e+00 9.171717171717173045e+00 2.035699796642060733e+01
1.000000000000000000e+00 9.333333333333333925e+00 1.830201521269998466e+01
1.000000000000000000e+00 9.494949494949494806e+00 2.167847234117057198e+01
1.000000000000000000e+00 9.656565656565657463e+00 2.254453348405423085e+01
1.000000000000000000e+00 9.818181818181818343e+00 2.159554626912481723e+01
1.000000000000000000e+00 9.979797979797979224e+00 2.449313687782703752e+01
1.000000000000000000e+00 1.014141414141414188e+01 2.255640427580313911e+01
1.000000000000000000e+00 1.030303030303030454e+01 2.204405955540570616e+01
1.000000000000000000e+00 1.046464646464646542e+01 2.336727871001159329e+01
1.000000000000000000e+00 1.062626262626262630e+01 2.356944786676432102e+01
1.000000000000000000e+00 1.078787878787878896e+01 2.244493649537404778e+01
1.000000000000000000e+00 1.094949494949494984e+01 2.465333955489920825e+01
1.000000000000000000e+00 1.111111111111111072e+01 2.765007155754720714e+01
1.000000000000000000e+00 1.127272727272727337e+01 2.725811032562897296e+01
1.000000000000000000e+00 1.143434343434343603e+01 2.506221328600392795e+01
1.000000000000000000e+00 1.159595959595959691e+01 2.746719401816650219e+01
1.000000000000000000e+00 1.175757575757575779e+01 3.000958399349793382e+01
1.000000000000000000e+00 1.191919191919192045e+01 2.469951821770053968e+01
1.000000000000000000e+00 1.208080808080808133e+01 2.497727886193551328e+01
1.000000000000000000e+00 1.224242424242424399e+01 2.884898999446787471e+01
1.000000000000000000e+00 1.240404040404040487e+01 2.844658930774028605e+01
1.000000000000000000e+00 1.256565656565656575e+01 2.805031150198114531e+01
1.000000000000000000e+00 1.272727272727272840e+01 2.937207905895405347e+01
1.000000000000000000e+00 1.288888888888888928e+01 2.842669889466760935e+01
1.000000000000000000e+00 1.305050505050505194e+01 2.993046854975871440e+01
1.000000000000000000e+00 1.321212121212121282e+01 2.755941461038138840e+01
1.000000000000000000e+00 1.337373737373737370e+01 3.316894876234212575e+01
1.000000000000000000e+00 1.353535353535353636e+01 3.313742027666663148e+01
1.000000000000000000e+00 1.369696969696969724e+01 2.887297994171762028e+01
1.000000000000000000e+00 1.385858585858585990e+01 2.989199636082276967e+01
1.000000000000000000e+00 1.402020202020202078e+01 3.071861687195765356e+01
1.000000000000000000e+00 1.418181818181818343e+01 3.099330736114497853e+01
1.000000000000000000e+00 1.434343434343434431e+01 3.017664091875307264e+01
1.000000000000000000e+00 1.450505050505050519e+01 3.441385859245359313e+01
1.000000000000000000e+00 1.466666666666666785e+01 2.976116555637323913e+01
1.000000000000000000e+00 1.482828282828282873e+01 3.752849232673929691e+01
1.000000000000000000e+00 1.498989898989899139e+01 3.112761385410286508e+01
1.000000000000000000e+00 1.515151515151515227e+01 3.495038755760573679e+01
1.000000000000000000e+00 1.531313131313131493e+01 3.421909049420904125e+01
1.000000000000000000e+00 1.547474747474747581e+01 3.108875527079517198e+01
1.000000000000000000e+00 1.563636363636363669e+01 3.650160277226972738e+01
1.000000000000000000e+00 1.579797979797979934e+01 3.294162756049929186e+01
1.000000000000000000e+00 1.595959595959596022e+01 3.521751892026876618e+01
1.000000000000000000e+00 1.612121212121212466e+01 3.690236351167499151e+01
1.000000000000000000e+00 1.628282828282828376e+01 3.542800787907648896e+01
1.000000000000000000e+00 1.644444444444444287e+01 3.277762312747358209e+01
1.000000000000000000e+00 1.660606060606060908e+01 3.863875183064028107e+01
1.000000000000000000e+00 1.676767676767676818e+01 4.082279715368247253e+01
1.000000000000000000e+00 1.692929292929293084e+01 3.477410527446872379e+01
1.000000000000000000e+00 1.709090909090909349e+01 3.456791678231805065e+01
1.000000000000000000e+00 1.725252525252525260e+01 3.956761606308572254e+01
1.000000000000000000e+00 1.741414141414141525e+01 3.715193230506277899e+01
1.000000000000000000e+00 1.757575757575757791e+01 3.762158617990078113e+01
1.000000000000000000e+00 1.773737373737373701e+01 3.644642293352436013e+01
1.000000000000000000e+00 1.789898989898989967e+01 3.740136268146692800e+01
1.000000000000000000e+00 1.806060606060606233e+01 4.224606520904299600e+01
1.000000000000000000e+00 1.822222222222222143e+01 3.944900875047713384e+01
1.000000000000000000e+00 1.838383838383838764e+01 4.230649123440696258e+01
1.000000000000000000e+00 1.854545454545454675e+01 3.964359991805775962e+01
1.000000000000000000e+00 1.870707070707070585e+01 3.850829104343868892e+01
1.000000000000000000e+00 1.886868686868687206e+01 4.129916713929264205e+01
1.000000000000000000e+00 1.903030303030303116e+01 3.759600233953803183e+01
1.000000000000000000e+00 1.919191919191919382e+01 4.530471651967061320e+01
1.000000000000000000e+00 1.935353535353535648e+01 3.960381146630984261e+01
1.000000000000000000e+00 1.951515151515151558e+01 3.990230676397189313e+01
1.000000000000000000e+00 1.967676767676767824e+01 4.281139919926112469e+01
1.000000000000000000e+00 1.983838383838384090e+01 4.390693702982954250e+01
1.000000000000000000e+00 2.000000000000000000e+01 4.240446186058792222e+01
